#Axion frequency	#gann(GeV^-1)
5.52350221969818	2.03991498117168e-09
5.57878715636767	2.04563300673126e-09
5.63462544199964	2.06775336214691e-09
5.6910226150842	2.07935042933135e-09
5.74798426954638	2.08373464846103e-09
5.80551605530105	2.10434434919468e-09
5.86362367881324	2.12168418551605e-09
5.92231290366425	2.12510512132816e-09
5.98158955112323	2.13677815847669e-09
6.04145950072466	2.14493828419535e-09
6.10192869085148	2.14360534859423e-09
6.16300311932413	2.14925132841351e-09
6.22468884399544	2.16177097715268e-09
6.28699198335153	2.16858226118507e-09
6.34991871711868	2.17005996323298e-09
6.41347528687624	2.1773431024773e-09
6.47766799667579	2.18526564148838e-09
6.54250321366639	2.18550426528579e-09
6.60798736872612	2.18190032596178e-09
6.67412695709996	2.18481156663237e-09
6.74092853904402	2.19488310554796e-09
6.80839874047629	2.20610590288877e-09
6.87654425363377	2.20782334405717e-09
6.94537183773636	2.21463331110653e-09
7.01488831965718	2.2248502493827e-09
7.08510059459983	2.23014296049952e-09
7.15601562678222	2.23125995792103e-09
7.22764045012739	2.22866552194007e-09
7.29998216896116	2.19153040227503e-09
7.37304795871683	2.15928564736324e-09
7.44684506664684	2.16189386643651e-09
7.52138081254169	2.16501260222808e-09
7.59666258945591	2.17015354405698e-09
7.67269786444136	2.1755029412115e-09
7.74949417928795	2.18392423997928e-09
7.8270591512716	2.18841192544992e-09
7.90540047390983	2.20724281020722e-09
7.98452591772488	2.22366045034705e-09
8.06444333101442	2.22732958389428e-09
8.14516064063002	2.23524139586569e-09
8.22668585276339	2.24508195792527e-09
8.30902705374052	2.25470544736049e-09
8.39219241082373	2.26715583418014e-09
8.47619017302177	2.27933204188704e-09
8.56102867190802	2.29499281136513e-09
8.64671632244688	2.31798714486836e-09
8.73326162382844	2.34709653624037e-09
8.8206731603115	2.36590464196172e-09
8.90895960207502	2.37944261890026e-09
8.9981297060781	2.4099270438373e-09
9.08819231692856	2.41530161579143e-09
9.17915636776024	2.37876050650001e-09
9.27103088111903	2.37376039829176e-09
9.36382496985781	2.41494373254565e-09
9.45754783804036	2.48111518994074e-09
9.55220878185424	2.67536061021422e-09
9.64781719053293	2.9052876202337e-09
9.74438254728706	2.81612372801381e-09
9.8419144302451	2.60872717352729e-09
9.94042251340331	2.56091317547458e-09
10.0399165675854	2.5641807300387e-09
10.1404064614115	2.60610787830568e-09
10.2419021622773	2.66539433662041e-09
10.3444137373424	2.72613275238834e-09
10.4479513545289	2.83646009626794e-09
10.5525252835301	2.95976658125983e-09
10.6581458968292	2.91493816299673e-09
10.7648236707276	2.79581573371835e-09
10.8725691863847	2.84402484580483e-09
10.9813931308669	2.76012827579594e-09
11.091306298208	2.59954744798498e-09
11.2023195904796	2.61453688554596e-09
11.3144440188726	2.62593974643086e-09
11.4276907047892	2.62778242537709e-09
11.5420708809463	2.65663128363787e-09
11.6575958924892	2.69997928106262e-09
11.7742771981174	2.7225512923287e-09
11.8921263712209	2.73217775493762e-09
12.0111551010282	2.75878433189313e-09
12.1313751937657	2.78419435819762e-09
12.2527985738287	2.78057972146232e-09
12.3754372849642	2.84046899670019e-09
12.4993034914657	2.87711111455078e-09
12.6244094793793	2.86546694974255e-09
12.7507676577228	2.83553658852224e-09
12.8783905597161	2.80999996480048e-09
13.0072908440248	2.88372170214093e-09
13.1374812960154	2.94294396572239e-09
13.2689748290236	2.9442327093582e-09
13.4017844856352	2.94079901480151e-09
13.5359234389797	2.95051294193277e-09
13.671404994037	2.95343001555898e-09
13.8082425889569	2.96148709925583e-09
13.9464497963922	3.02006739738296e-09
14.086040324845	3.16056664857163e-09
14.2270280200261	3.24182828466781e-09
14.3694268662287	3.19303309125639e-09
14.5132509877151	3.19576926795478e-09
14.658514650118	3.25456896758122e-09
14.8052322618554	3.36229373528245e-09
14.9534183755597	3.50860109862569e-09
15.1030876895208	3.59716541403322e-09
15.2542550491448	3.66821519786562e-09
15.4069354484256	3.76252497089439e-09
15.5611440314329	3.99613294266727e-09
15.7168960938136	4.27007759241971e-09
15.8742070843096	4.45532581059578e-09
16.0330926062896	4.60600591607449e-09
16.1935684192971	4.75399042531541e-09
16.3556504406134	4.93972468294699e-09
16.5193547468365	5.08939890474277e-09
16.6846975754757	5.160527768432e-09
16.851695326562	5.192994311765e-09
17.020364564275	5.25107358271204e-09
17.1907220185857	5.31106152213155e-09
17.3627845869162	5.33198673078768e-09
17.5365693358153	5.3020291091339e-09
17.7120935026515	5.15535574653789e-09
17.889374497323	4.85173024699337e-09
18.068429903984	4.4844355230663e-09
18.2492774827894	4.15944471373345e-09
18.4319351716561	3.9780470439108e-09
18.6164210880421	4.02348578003952e-09
18.8027535307439	4.05148524006023e-09
18.9909509817111	3.91852315414709e-09
19.1810321078801	3.74495606698343e-09
19.3730157630252	3.61745069648256e-09
19.5669209896288	3.62654173024018e-09
19.7627670207701	3.72684374985925e-09
19.9605732820333	3.83100463446611e-09
20.1603593934335	3.92702705973979e-09
20.3621451713635	4.15180555600312e-09
20.5659506305591	4.51229442069209e-09
20.7717959860844	4.88770356764108e-09
20.9797016553366	5.42047263512884e-09
21.1896882600714	5.69714544108753e-09
21.4017766284488	5.32931971854097e-09
21.615987797098	4.67885121140619e-09
21.8323430132051	4.30112999236104e-09
22.0508637366199	3.98472731338591e-09
22.2715716419846	3.64291165493115e-09
22.4944886208836	3.56749687480606e-09
22.7196367840151	3.57149269186002e-09
22.9470384633842	3.64843847616852e-09
23.1767162145175	3.71176276319995e-09
23.4086928187012	3.71306676993395e-09
23.6429912852397	3.7046927600535e-09
23.8796348537387	3.70153867002035e-09
24.11864699641	3.72928681922576e-09
24.3600514203993	3.76962919268333e-09
24.6038720701385	3.79263982130389e-09
24.8501331297196	3.83922045299752e-09
25.0988590252946	3.88651480923884e-09
25.3500744274975	3.90533521830098e-09
25.6038042538915	3.91875272458338e-09
25.8600736714408	3.92537892590011e-09
26.1189080990066	3.95231601135948e-09
26.3803332098683	4.04112212861613e-09
26.6443749342704	4.13643383126598e-09
26.9110594619937	4.25716234518804e-09
27.180413244954	4.23911430546714e-09
27.4524629998249	4.10750583414837e-09
27.7272357106884	4.09343559434683e-09
28.004758631711	4.13019955411873e-09
28.2850592898472	4.17335109339228e-09
28.56816548757	4.21495037395069e-09
28.854105305628	4.27315916673415e-09
29.1429071058314	4.30574209504675e-09
29.4345995338647	4.31381822274245e-09
29.7292115221278	4.35325252335999e-09
30.0267722926066	4.43226594433782e-09
30.3273113597705	4.51821912826434e-09
30.6308585335005	4.57177451981854e-09
30.9374439220457	4.60627860765546e-09
31.2470979350099	4.64397738401549e-09
31.5598512863676	4.69388372774493e-09
31.8757349975107	4.74447440137897e-09
32.1947804003253	4.79099633237469e-09
32.5170191402994	4.8498493549174e-09
32.8424831796622	4.87778583608557e-09
33.1712048005536	4.88073692329369e-09
33.5032166082268	4.91924119704447e-09
33.8385515342823	5.0725161346368e-09
34.1772428399341	5.13673919676891e-09
34.5193241193088	5.07627269597213e-09
34.864829302778	5.08450282664644e-09
35.2137926603237	5.13856649770039e-09
35.5662488049371	5.22478957977556e-09
35.9222326960524	5.29767870002989e-09
36.281779643014	5.33840018044521e-09
36.6449253085786	5.35976176501254e-09
37.0117057124532	5.40103076527954e-09
37.3821572348669	5.47910287584153e-09
37.7563166201801	5.55004836882694e-09
38.1342209805289	5.61356545217159e-09
38.5159077995058	5.67541403245899e-09
38.9014149358784	5.71675746903939e-09
39.2907806273438	5.8019144218718e-09
39.6840434943218	5.86961844109714e-09
40.0812425437851	5.88979484965524e-09
40.482417173129	5.93208050863276e-09
40.8876071740785	5.99475233649807e-09
41.2968527366356	6.08304159891039e-09
41.7101944530655	6.15841989266862e-09
42.1276733219227	6.197543146647e-09
42.5493307521178	6.28802441479865e-09
42.975208567025	6.38325161885854e-09
43.4053490086298	6.43871814000903e-09
43.8397947417195	6.49526296002729e-09
44.2785888581146	6.57295758697372e-09
44.7217748809436	6.7407960216132e-09
45.1693967689593	6.8375264515277e-09
45.6214989208993	6.98424727444312e-09
46.0781261798898	7.08370326564006e-09
46.5393238378937	7.13523650450381e-09
47.0051376402025	7.24693574194695e-09
47.4756137899742	7.27409065729035e-09
47.9507989528159	7.71026889130307e-09
48.4307402614124	8.11777817620947e-09
48.9154853202014	8.02560725885113e-09
49.405082210095	8.06809035418781e-09
49.899579493249	5.88090764990376e-08
50.3990262178797	5.87412956247742e-08
50.9034719231285	8.05649017521435e-09
51.4129666439763	8.36509716910358e-09
51.9275609162057	8.57285255835207e-09
52.4473057814137	8.61597892299702e-09
52.9722527920749	8.58671946799309e-09
53.5024540166541	8.3172537745461e-09
54.0379620447715	8.35097389313904e-09
54.5788299924188	8.41641496461921e-09
55.1251115072274	8.41404388769441e-09
55.6768607737901	8.6464505749177e-09
56.2341325190349	8.79120773432306e-09
56.796982017654	8.80817002581524e-09
57.3654650975858	9.87687372263024e-09
57.9396381455526	1.13698329230194e-08
58.5195581126537	1.1949405829801e-08
59.1052825200137	1.18606556014937e-08
59.6968694644885	1.17022206372541e-08
60.2943776244275	1.18674022471636e-08
60.8978662654939	1.24561916480653e-08
61.5073952465429	1.30622365767894e-08
62.1230250255595	1.31264426081101e-08
62.7448166656546	1.1988920228784e-08
63.3728318411222	1.10649693295788e-08
64.0071328435565	1.21305292249013e-08
64.6477825880305	1.30564563398896e-08
65.2948446193367	1.16970508217109e-08
65.9483831182895	1.03419675773892e-08
66.6084629080916	1.28639279460603e-08
67.2751494607634	1.69337086973143e-08
67.9485089036373	1.71350148632273e-08
68.6286080259165	1.61904809079821e-08
69.3155142852997	1.57703340045925e-08
70.0092958146724	1.30263734213643e-08
70.7100214288645	1.11976455220963e-08
71.4177606314762	1.13578969682964e-08
72.1325836217715	1.23332747940526e-08
72.8545613016419	1.99037852792845e-08
73.5837652826379	2.33850633673857e-08
74.3202678930733	1.95618410189396e-08
75.0641421851981	1.88563793416168e-08
75.8154619424453	2.04022814875622e-08
76.5743016867489	2.03764733687148e-08
77.3407366859356	1.85799323016599e-08
78.1148429611907	2.04738197224951e-08
78.8966972945981	2.08119479193087e-08
79.6863772367566	1.84179627159839e-08
80.4839611144717	1.95192540146692e-08
81.2895280385249	2.47697887745243e-08
82.1031579115202	3.05280632955752e-08
82.9249314358099	3.51777256117735e-08
83.754930121499	3.72813168577464e-08
84.5932362945302	3.39644345935928e-08
85.4399331048495	3.30057177742826e-08
86.2951045346539	3.38348935399447e-08
87.1588354067211	2.95841926518182e-08
88.0312113928233	2.66449748351261e-08
88.9123190222245	2.34549129645186e-08
89.8022456902634	2.09403865064803e-08
90.7010796670215	2.0981933129135e-08
91.6089101060794	2.14292276227219e-08
92.5258270533586	2.21510858632275e-08
93.4519214560537	2.10220272651601e-08
94.3872851716534	1.91243060397663e-08
95.332010977051	1.80476391376524e-08
96.2861925777473	1.85310513552737e-08
97.2499246171449	1.92501126712163e-08
98.2233026859357	2.03191418235977e-08
99.2064233315822	1.04098374039178e-07
100.199384067894	1.09363417025956e-07
101.202283384701	3.27726065572698e-08
102.215220757619	3.43170940374547e-08
103.238296657922	3.36705349217307e-08
104.271612562503	3.11708861859203e-08
105.31527096394	2.82020721148835e-08
106.369375380664	2.62718415926839e-08
107.434030367227	2.61119511413173e-08
108.509341524669	2.59177599936804e-08
109.595415510998	2.55728300247262e-08
110.692360051761	2.57157491344728e-08
111.800283950738	2.5864221535774e-08
112.919297100729	2.7784094231731e-08
114.049510494455	2.94687631309164e-08
115.191036235566	3.04508560261314e-08
116.343987549764	3.09961130717797e-08
117.508478796029	3.0972497790354e-08
118.684625477966	3.13203617923849e-08
119.872544255257	3.12560522366544e-08
121.072352955239	3.13238045851973e-08
122.284170584584	3.21242910393479e-08
123.508117341108	3.38534434686868e-08
124.744314625689	3.36617365011944e-08
125.992885054314	3.42399544732913e-08
127.253952470236	3.6271643161433e-08
128.52764195626	3.70495209101978e-08
129.814079847149	3.87669042857037e-08
131.113393742156	3.9658344756566e-08
132.42571251768	4.07528385114544e-08
133.751166340047	4.43057386712476e-08
135.089886678424	4.70522097269953e-08
136.442006317857	4.72024687955677e-08
137.807659372442	4.98951705478972e-08
139.18698129863	5.22008317431096e-08
140.580108908658	4.79840550181066e-08
141.987180384123	4.41405816831236e-08
143.408335289687	4.53150494101906e-08
144.843714586918	4.22142933156566e-08
146.293460648276	3.70192230815717e-08
147.757717271231	3.67514449190115e-08
149.236629692528	6.7134766904045e-08
150.730344602589	6.78400340033415e-08
152.239010160069	3.87196851476719e-08
153.762776006547	3.94355415055732e-08
155.301793281372	4.05704987760476e-08
156.856214636649	4.42735945971893e-08
158.426194252386	4.85327023575703e-08
160.011887851783	4.6577751327928e-08
161.61345271668	4.31418025389141e-08
163.231047703157	4.37957269481571e-08
164.86483325729	4.42022596367536e-08
166.514971431065	4.49919112981194e-08
168.181625898453	4.67529711726238e-08
169.864961971644	4.69844640304001e-08
171.565146617443	4.90482926658109e-08
173.282348473832	5.09460120427314e-08
175.016737866698	5.14225567308075e-08
176.768486826725	5.21511620182336e-08
178.537769106458	5.19948662978393e-08
180.324760197538	5.34427391259921e-08
182.129637348109	5.52165593679898e-08
183.952579580397	5.68451020567957e-08
185.79376770847	5.94151816473367e-08
187.653384356168	6.07182866291734e-08
189.531613975222	6.03210959479706e-08
191.428642863545	6.14186931425859e-08
193.344659183715	6.29218755658075e-08
195.279852981635	6.43191106923183e-08
197.234416205383	6.73440963261173e-08
199.208542724256	8.02581822086342e-08
201.202428347992	8.5909554072179e-08
203.216270846199	8.30215786732617e-08
205.250269967965	9.29294116657223e-08
207.304627461678	1.08388173034932e-07
209.379547095029	1.17741827549666e-07
211.47523467523	1.17958073512501e-07
213.591898069424	1.14492528077638e-07
215.729747225304	1.05333022402462e-07
217.888994191937	9.0500988005283e-08
220.069853140798	8.12614348856424e-08
222.27254038701	8.1011028457834e-08
224.497274410804	8.22815207025738e-08
226.744275879186	8.4085370822736e-08
229.013767667828	8.56947007606542e-08
231.305974883171	8.64807202436271e-08
233.621124884756	8.82394611476667e-08
235.959447307774	9.05476616950024e-08
238.321174085842	9.24543298930223e-08
240.706539474009	9.34221186246871e-08
243.115780071993	9.46904000113824e-08
245.549134847646	9.67301542665732e-08
248.006845160659	1.08800065852628e-07
250.489154786499	1.10373027233419e-07
252.996309940593	1.01870432693529e-07
255.528559302745	1.03951952888953e-07
258.086154041808	1.06299733448692e-07
260.669347840588	1.0880032479562e-07
263.278396921016	1.1105247529408e-07
265.913560069554	1.13556283810629e-07
268.575098662873	1.16545629773372e-07
271.263276693765	1.1928814740769e-07
273.978360797342	1.22013568694664e-07
276.720620277472	1.24987868820882e-07
279.4903271335	1.2851083266646e-07
282.287756087218	1.31789356462173e-07
285.113184610121	1.34914716335349e-07
287.966892950926	1.38874897208923e-07
290.849164163369	1.43475282293221e-07
293.760284134282	1.48825158917663e-07
296.700541611948	1.5508797858504e-07
299.670228234744	1.7244761565521e-07
302.669638560063	1.80458607903167e-07
305.699070093538	1.77691423121731e-07
308.758823318542	1.82817341781706e-07
311.849201726002	1.85317508097614e-07
314.970511844493	1.84847499391635e-07
318.123063270648	1.83747416056765e-07
321.307168699863	1.84808248654088e-07
324.523143957314	1.87224442862143e-07
327.771308029283	1.89506197243856e-07
331.051983094797	1.90444532504132e-07
334.365494557584	1.92342533628079e-07
337.712171078353	1.96372085312589e-07
341.092344607387	1.99871938611035e-07
344.506350417472	2.03773984544304e-07
347.954527137152	2.16675270494989e-07
351.437216784318	2.20971304369799e-07
354.954764800128	2.20542090669796e-07
358.507520083275	2.27596164159319e-07
362.095835024592	2.29450145027789e-07
365.720065542003	2.33368763694711e-07
369.38057111583	2.39715955520488e-07
373.077714824445	2.46246965604844e-07
376.811863380285	2.52955567034825e-07
380.583387166227	2.59015443696152e-07
384.39266027232	2.63724129744382e-07
388.240060532899	2.703192149654e-07
392.125969564051	2.79663900662709e-07
396.050772801479	2.89458992779799e-07
400.014859538721	3.00734986145078e-07
404.01862296577	3.14348994722349e-07
408.062460208073	3.29014886189787e-07
412.146772365918	3.37458229464756e-07
416.271964554223	3.44141384355145e-07
420.438445942715	3.58109649112989e-07
424.646629796514	3.68729597084978e-07
428.89693351713	3.56841595193508e-07
433.189778683856	3.4339955536041e-07
437.52559109559	3.52000595880743e-07
441.904800813065	3.75257931003693e-07
446.32784220151	3.82621447649829e-07
450.79515397373	3.79999810321266e-07
455.307179233622	3.87920852360682e-07
459.864365520128	3.93001605024679e-07
464.467164851622	3.92154646940528e-07
469.116033770749	3.99053416371062e-07
473.811433389701	4.22507219872033e-07
478.553829435966	4.2583388111814e-07
483.343692298509	4.20031625935565e-07
488.18149707444	4.35035512372759e-07
493.06772361613	4.99102164522198e-07
498.002856578814	5.55367560617081e-07
502.987385468654	5.6944873091934e-07
508.021804691302	5.8855636545719e-07
513.106613600931	6.02761714488859e-07
518.24231654977	6.17977524112774e-07
523.429422938127	6.332578620358e-07
528.668447264919	6.43407673452614e-07
533.959909178695	6.54008815275419e-07
539.304333529195	6.720909302509e-07
544.70225041939	6.92810974817521e-07
550.154195258078	6.74891731988155e-07
555.660708812979	6.76056076511802e-07
561.22233726438	6.8118151410755e-07
566.839632259304	6.77967533213688e-07
572.513150966232	7.08328658051312e-07
578.243456130361	6.99718969684295e-07
584.03111612943	6.91327092315398e-07
589.876705030087	7.20447415819574e-07
595.780802644839	7.54023462714634e-07
601.743994589553	7.94343796385228e-07
607.766872341551	8.31471247857694e-07
613.850033298268	8.50111755275837e-07
619.99408083652	8.6405189813108e-07
626.199624372333	8.75707360214875e-07
632.467279421411	8.91813974729139e-07
638.79766766017	9.09196204132692e-07
645.191416987411	9.34101699565754e-07
651.649161586596	8.89751333837783e-07
658.171541988756	8.10406445200728e-07
664.759205136014	7.91485763313628e-07
671.412804445766	8.07667701621847e-07
678.132999875488	8.2456592308269e-07
684.920457988187	8.40349530073988e-07
691.775852018532	8.72191421403321e-07
698.699861939617	8.77537823435061e-07
705.693174530414	8.98768202691835e-07
712.756483443891	9.30310752693275e-07
719.890489275814	9.39621659740211e-07
727.095899634235	9.54274242240462e-07
734.373429209687	9.70746947748011e-07
741.723799846059	9.93409368903343e-07
749.147740612211	1.00436924275126e-06
756.64598787427	9.99342661252102e-07
764.219285368689	1.00482401483831e-06
771.868384275997	1.02146827545284e-06
779.594043295323	1.03446368487012e-06
787.397028719641	1.05851543236146e-06
795.27811451178	1.08730086260412e-06
803.238082381189	1.10699712339455e-06
811.277721861482	1.13452772044643e-06
819.397830388735	1.16610720516479e-06
827.5992133806	1.19513228634848e-06
835.882684316176	1.22316095710576e-06
844.249064816712	1.2710033092428e-06
852.699184727085	1.30604106961827e-06
861.233882198129	1.31821694634492e-06
869.854003769753	1.34918905188408e-06
878.560404454923	1.37864069047138e-06
887.353947824452	1.39914993606383e-06
896.235506092674	1.51572918093193e-06
905.205960203939	1.65670497597752e-06
914.266199920011	1.7078023243111e-06
923.417123908304	1.74913995891681e-06
932.659639831035	1.79919642415628e-06
941.994664435236	1.87440771985561e-06
951.423123643703	1.94559353410042e-06
960.94595264682	2.00040514739432e-06
970.564095995333	2.07396707077704e-06
980.278507694023	2.16055341069857e-06
990.090151296348	2.24512672868481e-06
1000	2.28267004411325e-06
